2
0.58555
0.58825
0.59135
0.5914
0.591529576478824
7
0.5942
0.5975
0.59875
0.5927
0.5958297914895745
12
0.60085
0.6053
0.5983
0.6097
0.6014300715035752
17
0.60315
0.6106
0.60905
0.6074
0.608130406520326
22
0.60785
0.61145
0.6143
0.6057
0.6069803490174509
27
0.6028
0.6096
0.61385
0.613
0.607880394019701
32
0.61455
0.612
0.61765
0.61245
0.6064303215160758
37
0.6113
0.61155
0.61895
0.61575
0.6135806790339517
42
0.61615
0.6139
0.6206
0.6163
0.6122306115305766
47
0.61675
0.62255
0.6183
0.6166
0.6110305515275763
52
0.61595
0.61765
0.62
0.6158
0.615380769038452
57
0.61585
0.61625
0.6166
0.6202
0.6135806790339517
62
0.6183
0.6173
0.61995
0.61845
0.6145307265363268
67
0.6178
0.6191
0.61855
0.6222
0.6155807790389519
72
0.61875
0.61955
0.6224
0.61945
0.6173308665433271
77
0.61425
0.6165
0.62005
0.6193
0.6176808840442022
82
0.61125
0.62465
0.62175
0.6214
0.6171808590429522
87
0.6192
0.6217
0.62095
0.62405
0.6217310865543277
92
0.61935
0.6187
0.6244
0.6197
0.6130806540327016
97
0.61515
0.62205
0.61945
0.62085
0.6210810540527026
102
0.617
0.61875
0.6204
0.62555
0.6190809540477024
107
0.61925
0.6253
0.6191
0.62225
0.6097804890244513
112
0.62145
0.62205
0.62
0.62445
0.6191809590479525
117
0.61865
0.62445
0.6239
0.62285
0.6182809140457023
122
0.6193
0.6261
0.6206
0.6232
0.6180809040452022
127
0.62235
0.62735
0.62125
0.62545
0.6181809090454523
132
0.61655
0.6235
0.622
0.623
0.6186309315465773
137
